15      -17      0.3      
15.002      -16.9845      0.3      
15.0681      -16.4824      0.3      
15.0741      -16.4679      0.3      
15.2679      -16      0.3      
15.2775      -15.9876      0.3      
15.5858      -15.5858      0.3      
15.5982      -15.5763      0.3      
16      -15.2679      0.3      
16.0145      -15.262      0.3      
16.4824      -15.0681      0.3      
16.4979      -15.0661      0.3      
17      -15      0.3      
32.52      -15      0.3      
33      -15      0.3      
33.0155      -15.002      0.3      
33.5176      -15.0681      0.3      
33.5321      -15.0741      0.3      
34      -15.2679      0.3      
34.0124      -15.2775      0.3      
34.4142      -15.5858      0.3      
34.4238      -15.5982      0.3      
34.7321      -16      0.3      
34.738      -16.0145      0.3      
34.9319      -16.4824      0.3      
34.9339      -16.4979      0.3      
35      -17      0.3      
35      -24.76      0.3      
35      -25      0.3      
35.6      -25      0.3      
74.4      -25      0.3      
75      -25      0.3      
75      24.625      0.3      
75      25      0.3      
74.4      25      0.3      
35.6      25      0.3      
35      25      0.3      
35      17.24      0.3      
35      17      0.3      
34.998      16.9845      0.3      
34.9319      16.4824      0.3      
34.9259      16.4679      0.3      
34.7321      16      0.3      
34.7225      15.9876      0.3      
34.4142      15.5858      0.3      
34.4018      15.5763      0.3      
34      15.2679      0.3      
33.9855      15.262      0.3      
33.5176      15.0681      0.3      
33.5021      15.0661      0.3      
33      15      0.3      
17.48      15      0.3      
17      15      0.3      
16.9845      15.002      0.3      
16.4824      15.0681      0.3      
16.4679      15.0741      0.3      
16      15.2679      0.3      
15.9876      15.2775      0.3      
15.5858      15.5858      0.3      
15.5763      15.5982      0.3      
15.2679      16      0.3      
15.262      16.0145      0.3      
15.0681      16.4824      0.3      
15.0661      16.4979      0.3      
15      17      0.3      
15      24.76      0.3      
15      25      0.3      
14.4      25      0.3      
-24.4      25      0.3      
-25      25      0.3      
-25      -24.625      0.3      
-25      -25      0.3      
-24.4      -25      0.3      
14.4      -25      0.3      
15      -25      0.3      
15      -17.24      0.3      
15      -17      0.3      
15      -17      0.5      
15.0034      -16.9741      0.5      
15.0681      -16.4824      0.5      
15.0781      -16.4582      0.5      
15.2679      -16      0.5      
15.2838      -15.9793      0.5      
15.5858      -15.5858      0.5      
15.6065      -15.5699      0.5      
16      -15.2679      0.5      
16.0241      -15.258      0.5      
16.4824      -15.0681      0.5      
16.5082      -15.0647      0.5      
17      -15      0.5      
32.2      -15      0.5      
33      -15      0.5      
33.0259      -15.0034      0.5      
33.5176      -15.0681      0.5      
33.5418      -15.0781      0.5      
34      -15.2679      0.5      
34.0207      -15.2838      0.5      
34.4142      -15.5858      0.5      
34.4301      -15.6065      0.5      
34.7321      -16      0.5      
34.742      -16.0241      0.5      
34.9319      -16.4824      0.5      
34.9353      -16.5082      0.5      
35      -17      0.5      
35      -24.6      0.5      
35      -25      0.5      
36      -25      0.5      
74      -25      0.5      
75      -25      0.5      
75      24.375      0.5      
75      25      0.5      
74      25      0.5      
36      25      0.5      
35      25      0.5      
35      17.4      0.5      
35      17      0.5      
34.9966      16.9741      0.5      
34.9319      16.4824      0.5      
34.9219      16.4582      0.5      
34.7321      16      0.5      
34.7162      15.9793      0.5      
34.4142      15.5858      0.5      
34.3935      15.5699      0.5      
34      15.2679      0.5      
33.9759      15.258      0.5      
33.5176      15.0681      0.5      
33.4918      15.0647      0.5      
33      15      0.5      
17.8      15      0.5      
17      15      0.5      
16.9741      15.0034      0.5      
16.4824      15.0681      0.5      
16.4582      15.0781      0.5      
16      15.2679      0.5      
15.9793      15.2838      0.5      
15.5858      15.5858      0.5      
15.5699      15.6065      0.5      
15.2679      16      0.5      
15.258      16.0241      0.5      
15.0681      16.4824      0.5      
15.0647      16.5082      0.5      
15      17      0.5      
15      24.6      0.5      
15      25      0.5      
14      25      0.5      
-24      25      0.5      
-25      25      0.5      
-25      -24.375      0.5      
-25      -25      0.5      
-24      -25      0.5      
14      -25      0.5      
15      -25      0.5      
15      -17.4      0.5      
15      -17      0.5      
15      -17      0.7      
15.0048      -16.9638      0.7      
15.0681      -16.4824      0.7      
15.0821      -16.4486      0.7      
15.2679      -16      0.7      
15.2902      -15.971      0.7      
15.5858      -15.5858      0.7      
15.6148      -15.5635      0.7      
16      -15.2679      0.7      
16.0338      -15.254      0.7      
16.4824      -15.0681      0.7      
16.5186      -15.0634      0.7      
17      -15      0.7      
31.88      -15      0.7      
33      -15      0.7      
33.0362      -15.0048      0.7      
33.5176      -15.0681      0.7      
33.5514      -15.0821      0.7      
34      -15.2679      0.7      
34.029      -15.2902      0.7      
34.4142      -15.5858      0.7      
34.4365      -15.6148      0.7      
34.7321      -16      0.7      
34.746      -16.0338      0.7      
34.9319      -16.4824      0.7      
34.9366      -16.5186      0.7      
35      -17      0.7      
35      -24.44      0.7      
35      -25      0.7      
36.4      -25      0.7      
73.6      -25      0.7      
75      -25      0.7      
75      24.125      0.7      
75      25      0.7      
73.6      25      0.7      
36.4      25      0.7      
35      25      0.7      
35      17.56      0.7      
35      17      0.7      
34.9952      16.9638      0.7      
34.9319      16.4824      0.7      
34.9179      16.4486      0.7      
34.7321      16      0.7      
34.7098      15.971      0.7      
34.4142      15.5858      0.7      
34.3852      15.5635      0.7      
34      15.2679      0.7      
33.9662      15.254      0.7      
33.5176      15.0681      0.7      
33.4814      15.0634      0.7      
33      15      0.7      
18.12      15      0.7      
17      15      0.7      
16.9638      15.0048      0.7      
16.4824      15.0681      0.7      
16.4486      15.0821      0.7      
16      15.2679      0.7      
15.971      15.2902      0.7      
15.5858      15.5858      0.7      
15.5635      15.6148      0.7      
15.2679      16      0.7      
15.254      16.0338      0.7      
15.0681      16.4824      0.7      
15.0634      16.5186      0.7      
15      17      0.7      
15      24.44      0.7      
15      25      0.7      
13.6      25      0.7      
-23.6      25      0.7      
-25      25      0.7      
-25      -24.125      0.7      
-25      -25      0.7      
-23.6      -25      0.7      
13.6      -25      0.7      
15      -25      0.7      
15      -17.56      0.7      
15      -17      0.7      
